1  cocaCola  3.000000  10
2  fanta  3.000000  40
3  guarana  2.000000  40
0    0.000000  0
0    0.000000  0
0    0.000000  0
0    0.000000  0
0    0.000000  0
0    0.000000  0
0    0.000000  0
0    0.000000  0
0    0.000000  0
0    0.000000  0
0    0.000000  0
0    0.000000  0
0    0.000000  0
0    0.000000  0
0    0.000000  0
0    0.000000  0
0    0.000000  0
0    0.000000  0
0    0.000000  0
0    0.000000  0
0    0.000000  0
0    0.000000  0
0    0.000000  0
0    0.000000  0
0    0.000000  0
0    0.000000  0
0    0.000000  0
0    0.000000  0
0    0.000000  0
0    0.000000  0
0    0.000000  0
0    0.000000  0
0    0.000000  0
0    0.000000  0
0    0.000000  0
0    0.000000  0
0    0.000000  0
0    0.000000  0
0    0.000000  0
0    0.000000  0
0    0.000000  0
0    0.000000  0
0    0.000000  0
0    0.000000  0
0    0.000000  0
0    0.000000  0
0    0.000000  0
